function T=CreateCTT(t)

T=[0.167*t^3 0 0;
    0.5*t^2 0 0;
  t 0 0 ;
   0 0.167*t^3 0 ;
   0 0.5*t^2  0;
   0 t 0;
   0 0 0.167*t^3 ;
   0 0 0.5*t^2;
  0 0 t
  ]; %ÔëÉù¾ØÕó
end